NUTS_ID,Jan,Feb,Mar,Apr,May,Jun,Jul,Aug,Sep,Oct,Nov,Dec
DE50,0.008575175386534802,0.012222745095865167,0.037788382436300776,0.105348715844963,0.15253900088949154,0.19259174995045478,0.18233578935243963,0.1522247006656672,0.09026172184481443,0.0415086325565009,0.016828204015803122,0.007775181961164662
DE60,0.007180480604107791,0.009956017796432022,0.03319637141115183,0.10474466193527764,0.15999252713334694,0.2094424183206743,0.17920782989053682,0.14538713118188712,0.08712751454329727,0.040941242158236454,0.01629582146913009,0.006527983555921681
DE71,0.008583753212264119,0.012743288978869912,0.04146624570042833,0.10916738199542775,0.176643335427288,0.19683485498468276,0.16744605318441866,0.13547234667684815,0.08564166245989921,0.04156040046164544,0.016342810883519337,0.008097866034708336
DE72,0.005545636326988194,0.008578179004691234,0.03648424771956495,0.10699101075056666,0.1806149389426597,0.2050753018864385,0.17371223631781643,0.13857728637177316,0.08637803169279705,0.039617169912949175,0.01324410151610621,0.0051818595576487315
DE73,0.004997954928967695,0.007969367379151823,0.03548990931672351,0.1091068574857801,0.18276783419280795,0.2109605485839051,0.17306455781549515,0.13479956484351735,0.08425698551091886,0.03852255254661506,0.012912776906548788,0.005151090489568619
DE80,0.006081828799015652,0.0098695757021238,0.03806976931645201,0.11275943816369229,0.17685345470013109,0.2210205190641539,0.16148053685958993,0.12642851346982548,0.0823052922619743,0.0425336580119132,0.016362797363472282,0.00623461628765606
DE91,0.005484317524193753,0.008331911770494303,0.033810572414721865,0.10928476041518916,0.1855839523523,0.22857649208695174,0.16931424699733869,0.12362174984139346,0.07995651188561717,0.037478734633604766,0.013370048731239054,0.005186701346956055
BG41,0.004779924407415218,0.008403842779363934,0.028544139465008465,0.08245845873486865,0.18351327094575676,0.21978661077334924,0.18519135898390307,0.14184542820970295,0.08267124556853286,0.03947910023730734,0.017593729843724717,0.005732890051066787
BG42,0.008255688581277697,0.014555615329991639,0.04390394524485556,0.11206601133481243,0.18167307381178463,0.19698898069230855,0.16398820569449038,0.12679755089985237,0.0759676049708811,0.04345186546615406,0.023141103352189697,0.009210354621401877
CH01,0.010012113950912524,0.01074128611910168,0.034753960713912915,0.0888052605047829,0.15114394371537707,0.18912745000598502,0.18684289595876027,0.15305450911715626,0.10217745846407256,0.049555880585696106,0.016739991249245918,0.007045249614996766
AT32,0.0014825354700675345,0.0017602024920727577,0.019726425607609174,0.07368927285375672,0.1532780424797245,0.20185361741216817,0.211227595125666,0.16670802818704875,0.10789892810559913,0.0482302118827042,0.0131121303451822,0.0010330100384008524
AT33,0.00047002519501226084,0.0015614909647139032,0.02014103129928663,0.06486864561320835,0.14260269532593997,0.20186267207218758,0.21870469466420825,0.17491771625441913,0.11254736500566007,0.04892175885366095,0.012996074604505232,0.0004058301471976769
AT34,0.003390874696473742,0.005288036117600167,0.03259078790094097,0.08888108089614125,0.1508009742691813,0.18895876518826518,0.1939245034640699,0.15790563107770664,0.10557746750511289,0.05227865616516824,0.01673848345296532,0.0036647392663744323
BE10,0.013322745001846081,0.018096209155726774,0.04978222636610015,0.10804984035174166,0.14497935027830317,0.17759803400059895,0.17236018860620167,0.14093326910849746,0.09029750047097518,0.0483354742444894,0.023227181704530635,0.013017980710988877
BE23,0.014704460592887934,0.0186441585385226,0.046715881930233905,0.09986292229538468,0.14088941654821682,0.17825580081873166,0.17789921339935694,0.14532569284801825,0.09170757411182978,0.04751527027928776,0.02430930673284873,0.014170301904680953
BE24,0.013322745001846081,0.018096209155726774,0.04978222636610015,0.10804984035174166,0.14497935027830317,0.17759803400059895,0.17236018860620167,0.14093326910849746,0.09029750047097518,0.0483354742444894,0.023227181704530635,0.013017980710988877
BE25,0.016327288710127962,0.022939724393066418,0.060034393577389704,0.10958871355749367,0.13570796299268723,0.16758866649418197,0.16425857116583362,0.13884089929416088,0.09545808800807987,0.04979389758077261,0.02441339875823639,0.015048395467969688
BE31,0.010923273443984534,0.014866183509442651,0.043198384692604196,0.10656414431550625,0.15787087872776814,0.19868163681216383,0.17398774011109772,0.13455300979682752,0.08595972128543747,0.043914324693878626,0.019226016971247515,0.010254685640041577
BE32,0.01322210827027453,0.01864109170683597,0.05112199511181811,0.10677263524304878,0.14400827405289038,0.17560121771669784,0.1754065313859152,0.14229102489003528,0.09088252655482981,0.047574791799366876,0.021874536594678983,0.012603266673608251
BE33,0.010712102492793306,0.015918930593655765,0.04958904564990974,0.10838133946515591,0.14853178166340575,0.18013305842317892,0.17088869295857206,0.14377870942300985,0.09284553892319906,0.04802529739873232,0.0210618608904599,0.010133642117927418
BE34,0.00816122207095479,0.012366269587342089,0.04390201595579116,0.10094919707376328,0.1630289752090586,0.18627832758840532,0.1785351640647535,0.14646929002082285,0.09183778008579996,0.04373089421921291,0.016923026204461775,0.007817837919633764
BE35,0.010271105076523466,0.015010573674713026,0.04571462374051678,0.10375935989691623,0.16069201266913416,0.1865126007806036,0.17513146174156943,0.1420641706840865,0.08907277192455224,0.043897664298079474,0.018254271736277566,0.009619383777027526
BG31,0.002089655321680493,0.003634473501003007,0.025292688262681683,0.1093063052283449,0.2106265444976144,0.23485371595429133,0.18817876938616634,0.13003993681811,0.06019413726404715,0.023791592745359233,0.00964495785624258,0.0023472231644588917
BG32,0.004161136011111478,0.008319186358912444,0.0382930868477456,0.12865353761840154,0.20672889425829538,0.2169301766929154,0.17965104242400712,0.11535615174448523,0.056972902393206945,0.027714819501650955,0.012952909135507807,0.0042661570137601385
BG33,0.00467957822292618,0.008230067745987136,0.03378554642343174,0.117435300903758,0.20939866987572286,0.2247434180808323,0.1855066323445872,0.11273178445151616,0.05714427338806682,0.02658465119718979,0.014389862576690006,0.005370214789291784
BG34,0.005856379573649247,0.009836866187451086,0.032817439694338,0.1173721749642313,0.20971976856812155,0.2104281598734757,0.1694093348231164,0.12015962437157328,0.06932962155150031,0.033043384884935176,0.015523784690577368,0.006503460817030579
DE92,0.007879691879909492,0.01143103547494638,0.04053424773293064,0.11955925193710197,0.181483297973704,0.2110085249860945,0.16065471481779356,0.12464141937849427,0.08048614462372977,0.03988055678828831,0.015284940371409747,0.007156174035597365
DE93,0.008228381195378522,0.012079812392025603,0.03825538265150255,0.10336459818214945,0.15565656362677965,0.2040306011412507,0.17788842180009828,0.1438777208502874,0.08912362577758523,0.04301706842597077,0.017153002305326664,0.007324821651645155
DE94,0.008123672011430647,0.011962899670791118,0.03658391723539288,0.1019160517836173,0.15251253700082407,0.20243626607322038,0.18824198400180966,0.15037784975859053,0.08678926199287561,0.037882254287299785,0.01573832735424868,0.007434978829899345
CZ07,0.001775576866551678,0.003592995403581039,0.023849485763852856,0.09244609062553359,0.19663882631796054,0.23906946951980493,0.17863451119646398,0.13951335650895874,0.07957430444553182,0.03217097063493662,0.010785734243745388,0.0019486784730788254
CZ08,0.0010509087482107788,0.0025665220688021267,0.020569898540184896,0.08777354656600074,0.19544007540435396,0.24141755997495895,0.18677081232047832,0.14406969210702641,0.07818663192574918,0.03021610182361106,0.01068611391813629,0.0012521366024873118
AL01,0.008699733437429122,0.011755803606778161,0.03105196803727547,0.09014069141616882,0.1839659515909935,0.21421947235595407,0.17915472169004878,0.1252199959637974,0.07990350557910567,0.04640229736399927,0.02047316326492953,0.00901269569352022
AL02,0.016821535762551142,0.02201606367648552,0.04684420189509197,0.1008155802156773,0.17600161580656443,0.19204503759802669,0.15266847992125335,0.11256516122389938,0.08101467651087195,0.05349701529980347,0.028906665213655033,0.016803966876119784
AL03,0.022495416602759118,0.03017536958854039,0.062013562538211414,0.11822680013989935,0.180565669959585,0.17367681529496154,0.12739079421544938,0.09289610700675571,0.0751845040403025,0.058847907098666885,0.036525796855588204,0.02200125665928052
AT11,0.0051984688647224424,0.008225586796402494,0.03377735014788742,0.09951692430673859,0.17967842610742626,0.20088201080828358,0.17575508778775853,0.14573749219582208,0.08978076284514497,0.04036714356228021,0.015723720667031076,0.0053570259105023416
AT12,0.004233387725403106,0.0070226797536861,0.034709217084630345,0.10082569699756072,0.1796450832945663,0.2059532722852721,0.1733455898718105,0.1399781560299665,0.09105765663992689,0.04322072828813146,0.01553076135767133,0.004477770671374667
AT13,0.004610657582210952,0.006602952502240384,0.02685211571176045,0.10436643842312504,0.19766846880985275,0.2176854157777712,0.17117198996122834,0.13454067954546745,0.08433523727937957,0.03607772501699657,0.011920533895321031,0.00416778549464623
AT21,0.0031586905730125415,0.005849512459257707,0.03492081463633678,0.08841080905178204,0.15773320962283485,0.1921780475898945,0.18931586520655935,0.15649206187933365,0.10337993960212083,0.04914783883616811,0.015746698062254327,0.0036665124804453005
AT22,0.0032785314268584495,0.005915768303404602,0.03473756300707311,0.09217142897289912,0.15878148642461737,0.19198740763777908,0.1873409744221062,0.1557457415697035,0.10211824535917427,0.04780633209664373,0.0165545036106823,0.0035620171690582607
AT31,0.004322197248296985,0.00662853108366089,0.03709025041756449,0.1034633790935768,0.1629019673866827,0.1912057752826928,0.17820891279377962,0.14589325516288526,0.0983518175103241,0.04952620539424479,0.017363647376359464,0.005044061249932107
DK05,0.0047569163012417095,0.0059520263677516165,0.023937394814252867,0.0851932050843234,0.18813432033084082,0.26308746908903263,0.19475727985865132,0.11825887557079066,0.06795471030352332,0.03155265345297333,0.011930463658304333,0.004484685168314006
BE21,0.013218556325526494,0.017626972154500084,0.04904067927990994,0.10350822443282219,0.13911776769254747,0.1753765378735808,0.1789817840026622,0.1505192648591998,0.09341237900185202,0.04526689304510622,0.021883647760167768,0.01204729357212501
BE22,0.011082570480662914,0.015928550602744437,0.04636012771478826,0.10454975437730137,0.14893044838786237,0.1866545606161748,0.17436451663890307,0.1446014373733271,0.09057601638521665,0.04623818919342994,0.02043621226038862,0.010277615969200519
ES43,0.048016784184325645,0.07048971744221066,0.11492691550463126,0.15298202712487477,0.1535943844955641,0.11193342142501586,0.08502233678570903,0.06031254654558561,0.04938014890773887,0.05658208735496659,0.05222903914155014,0.04453059108782747
ES51,0.02624766846278404,0.037440726362844165,0.06632225388140581,0.10435593991292728,0.14524536891190856,0.15165211137437654,0.14000620518938633,0.11398626005230504,0.08586922585309269,0.06365250834396115,0.03831279965587953,0.026908931999128815
ES52,0.04164848947900896,0.05536625308132967,0.07905052132879742,0.11320315936503458,0.14508889789707424,0.13891925546192815,0.11061867254555388,0.08666955540453418,0.06862910105113902,0.06648608722589913,0.051539279561048396,0.04278072759865233
ES53,0.05332044667294585,0.07453117640474702,0.10478288778439306,0.12684696958169914,0.13079306897418566,0.11348931427802779,0.09254524769361255,0.06973895435158828,0.058535119151883454,0.06485243245345199,0.059388978466659734,0.051175404186805495
ES61,0.05099862149064005,0.07097628606602363,0.10844091299204293,0.1392173348380714,0.14598419263611234,0.11256144241044046,0.08625529448099473,0.06715726693844183,0.05803436667036181,0.058859637657938994,0.052953468911970294,0.04856117490696153
ES62,0.04596840961409698,0.06594104990053101,0.09613335900827841,0.12234014742265298,0.12673528784851307,0.10877818594385066,0.09407439602558473,0.0826064959651741,0.07762105112233131,0.07514889538203898,0.05715638276509362,0.047496339001854154
ES63,0.06308199944410249,0.08624804889255433,0.10997762882185436,0.13829221490236324,0.1332830812892355,0.10819531979600733,0.08386048954530446,0.06198374794153544,0.04959940065628624,0.05345610478180394,0.056674914944063404,0.05534704898488931
ES64,0.07617226395375155,0.11236743827938031,0.1418321743384881,0.13177288127880968,0.10059372034553278,0.07993682073829797,0.06915722097913464,0.05799925977408208,0.05712837431320976,0.050670618739585886,0.05467454916753941,0.06769467809218783
CH02,0.004702181443026287,0.007418024739227608,0.0395385349677481,0.09846500659293282,0.15585395208712968,0.18449540753391583,0.1819968159764001,0.15125474877212897,0.10355270281417865,0.050682341124680653,0.01693682676236662,0.005103457186264694
CH03,0.009266379350356938,0.014333466836658568,0.06072543669707883,0.11533165046678583,0.15109014546518013,0.16279521950330086,0.1590661261560026,0.13691242494806408,0.1023901074317836,0.056959043124274356,0.021909514318296967,0.009220485702217247
CH04,0.0059721199011407745,0.008034253041986251,0.04387210561645127,0.10461165950276016,0.15662701868724513,0.1772543789880931,0.17555956390246155,0.14642273976518747,0.10268322420387145,0.05438615971506624,0.01843528186677596,0.006141494808960647
CH05,0.004260445267501182,0.006573220276836266,0.019539297023693468,0.061398612935219345,0.1394078403402276,0.20445841570722456,0.22199326241793615,0.17649020434360024,0.1067902199386285,0.043504141912128674,0.01085154696464564,0.004732792872358389
CH06,0.012655240207801748,0.01957544138547352,0.04440701473082662,0.0897808854238757,0.13887159491014456,0.17572015056026608,0.18410617116081895,0.15227578613152026,0.10251150913759481,0.050341127801741874,0.017162516020141953,0.012592562529793912
CH07,0.001417542847014163,0.0031225286876357004,0.014060256556731017,0.049370178283763146,0.1646215675242824,0.21997788626336223,0.22281731711058939,0.1765527146867471,0.1032874612023623,0.035294640395763174,0.007920982871864992,0.0015569235698843916
CY00,0.06927494228068244,0.1180674277049513,0.16172180945587816,0.12405972840490119,0.09610866007348726,0.09249143321222349,0.08111973348841807,0.06361670812548498,0.052577439979393084,0.04814714811175781,0.04439338685250456,0.04842158231031766
CZ01,0.0019968005315913594,0.0036606429057049025,0.023167278431263028,0.09975161806196718,0.2477626928582189,0.2661364611342832,0.1526923707930806,0.10801663154855412,0.06276333631274829,0.023178646442947985,0.008032839614935658,0.002840681364704821
CZ02,0.0029425353936209674,0.005496897470396857,0.02847648526920313,0.10106182068178683,0.2099479763974914,0.23460917518188043,0.17033675892468322,0.1254308142919294,0.07573930739847146,0.031239714360504513,0.011183693076783673,0.003534821553248107
CZ03,0.0037174669376890874,0.006559057721438455,0.03615697749326493,0.10109922705528858,0.177843570234567,0.20460047799134545,0.17797822500641336,0.14109667394687328,0.09023593106732852,0.04176075446930101,0.01450579014823025,0.004445847928260047
CZ04,0.002477876401606166,0.004651387511483222,0.02721619388221051,0.09388332705064803,0.19204727702212554,0.22391760245847878,0.1829341005378104,0.14119849049803873,0.08489622669522871,0.03343953454273083,0.010651941526291613,0.0026860418733474787
CZ05,0.0029363959456436737,0.005413512975838075,0.027723368336775977,0.09389537865770661,0.18643121553913178,0.2222793039287261,0.17977472152331997,0.13988378522004657,0.08867269185811483,0.037260444288759104,0.01263276564934611,0.003096416076591209
CZ06,0.003351111757841547,0.006115157420951283,0.028928000857583118,0.09719955514637856,0.20041716833820805,0.23874871119165295,0.16946279137249665,0.12605379918706586,0.07887259433985713,0.03452914652374704,0.012813293331865564,0.0035086705323522697
DE40,0.007697160198292177,0.012342472968696089,0.04243321302176584,0.11132040864673158,0.16693536026055317,0.19651617197717905,0.16403115934204326,0.1396761199824104,0.08952777947032939,0.04459024082427598,0.01777700360229424,0.00715290970542884
EL53,0.009188692980727812,0.014647244021010083,0.04256652833255574,0.11397582717939973,0.20847216356170628,0.20511254012762806,0.15137890760734365,0.10795735559321173,0.07361746989468532,0.04185537334460004,0.021504577976173247,0.0097233193809583
EL54,0.024719025984997974,0.03292962831761687,0.06208533055510227,0.1064963664480687,0.1581875011942679,0.16433410916440752,0.1329963954494978,0.10409735557703584,0.08573144491334765,0.06511808451939649,0.03950761347686297,0.02379714439939803
EL61,0.024643396282947,0.03404124249945478,0.06829235101068636,0.11773788648206945,0.15214485676795847,0.15732135430287805,0.13348214980740827,0.1064847323648627,0.08264282565246732,0.05993903348246352,0.038536732013562155,0.024733439333241916
EL62,0.05076406419359412,0.06402620417400345,0.09522975501729618,0.11544467222482402,0.12172218076151843,0.11512148152826035,0.09666795040373452,0.08122757753417002,0.0770034824134948,0.07650901907050038,0.05970269583498942,0.0465809168436143
EL63,0.04030145357303228,0.05304955222425878,0.0872273026805239,0.1177094429188506,0.13420801324320697,0.13222021073531295,0.1104002643059456,0.08791659223564602,0.07676693759599003,0.06879957935632344,0.053489750090913946,0.03791090103999549
ES70,0.08333333333333333,0.08333333333333333,0.08333333333333333,0.08333333333333333,0.08333333333333333,0.08333333333333333,0.08333333333333333,0.08333333333333333,0.08333333333333333,0.08333333333333333,0.08333333333333333,0.08333333333333333
ITC1,0.006378285063073866,0.00868964881640074,0.027418799514904387,0.07636977403795328,0.15708214465591863,0.21236047091428756,0.21010028413717258,0.15815934040902943,0.09014193228139042,0.035185342947881774,0.011946302490857543,0.006167674731129812
ITC2,,,0.010191355874030712,0.040950313427811025,0.13030051609408305,0.22949189370027914,0.2511057624784053,0.19234315757659926,0.10495530773406962,0.03574060145113756,0.004921091663584322,
DE11,0.005473073092088211,0.00914762574252836,0.039984377298186165,0.10656947621511634,0.1764921431370888,0.20349805672010585,0.17482555342078349,0.13478269311457738,0.08599882912975529,0.042416734767828146,0.015059458170962478,0.0057519791909795065
DE12,0.008917555902055398,0.013182939124037077,0.04451642912962709,0.10486028990256702,0.16731853710819963,0.1900624968529151,0.16892979911450742,0.13810239992675627,0.0888040937872791,0.04703439823410035,0.0195657398113585,0.008705321106597046
DE13,0.007785953037351673,0.01183487872275226,0.04495868298797448,0.10192963730903207,0.1569529668310191,0.184653095678045,0.1751291930576626,0.1440572569387785,0.09734123580853983,0.049338315423811674,0.01822189831003845,0.007796885894994376
DE14,0.005077491690163409,0.007697782205984863,0.041789515548730116,0.10410203275590617,0.16882532922220286,0.19366761414575787,0.17472551436554828,0.1389928380100559,0.09473903514825513,0.04829123628657382,0.01615755681697215,0.0059340538038494045
DE21,0.004416529090665863,0.006443845303911135,0.040109034506890656,0.1045584439882297,0.16384821343133865,0.18904554619853806,0.17910138781697896,0.14193412443950262,0.097716934949752,0.049880527425033905,0.017369936170100027,0.005575476679058455
DE22,0.00483575999710583,0.007577465793548393,0.037560017963719425,0.10383522982445732,0.16561830683597195,0.1994424081438101,0.17711520920417323,0.1398159644648426,0.09526542033605549,0.04680410609465283,0.016435964665952818,0.005694146675710022
DE23,0.004587937154968413,0.007727259776340413,0.04211811828210266,0.10501698139604647,0.16695053380430194,0.19439035939342247,0.1743668391145265,0.14164838822971076,0.09565971440464074,0.046193147360771576,0.01598363987361153,0.005357081209556491
DE24,0.003744858413949564,0.0068394161529520894,0.03739047587005054,0.1044932623564212,0.17559867285007882,0.20372461017091428,0.1768315022818322,0.13829277630935835,0.09125817052181676,0.043676858189523445,0.013614655629657524,0.004534741253445218
DE25,0.0073867313609471625,0.012156917291476808,0.04936846978449037,0.11490188084023978,0.1681300489237597,0.18890802371921636,0.1646419441378851,0.13289521611951957,0.08925555075789826,0.04614025971510948,0.018541478219070984,0.007673479130386402
DE26,0.006938755581299415,0.01082229495918062,0.03903486668586914,0.10739214589847523,0.18790780150761335,0.20691385606302887,0.1657639771669195,0.13106959621939943,0.08310130716045572,0.039487758089130576,0.014790928438093195,0.006776712230534964
DE27,0.00518273877094317,0.007790603817980894,0.04299388056265812,0.10808309047526234,0.16335298429577821,0.19144349356648424,0.17460829413907297,0.13933034354134563,0.09641524907933961,0.04835570693881558,0.016430581228932917,0.006013033583386314
DE30,0.007504181891583724,0.011665588070098246,0.039163883138350106,0.10272831835532012,0.164604696354422,0.1976958386607351,0.17169520895445423,0.14735044708304604,0.0909266781856152,0.042735054686304834,0.017274962970081464,0.006655141649988982
EL42,0.05990404919993841,0.07948977322467642,0.10763417452125733,0.11489965495762386,0.10895682422391857,0.1110650712012338,0.10293171727168483,0.09005882771257445,0.07250213546807503,0.056505316680588245,0.0484747791806526,0.047577676357776454
LV00,0.0007308071435018325,0.0011659519222873389,0.009151051591913331,0.054318150582909744,0.17525680550695652,0.2534623859016623,0.23593406412445367,0.16298175763381462,0.07830048358178462,0.02122185122027698,0.00642724421932604,0.0010494465711129754
ME00,0.003572007156853376,0.005174916527742561,0.018649002447731766,0.0658749033820339,0.17899575969035786,0.23542101834849335,0.20380325369866403,0.1453422395217946,0.08654802167394529,0.039461346174432296,0.013183811554070607,0.003973719823880339
MK00,0.005883233523662285,0.01012190008868163,0.0314801372313774,0.09715823478044378,0.20124365252055262,0.21927059497229956,0.17711357818308276,0.1261355955638149,0.07444339432795662,0.03578117857764916,0.015342286986840866,0.006026213243638407
MT00,0.08097310390724423,0.11042369039542957,0.13031446865744814,0.10955201941288045,0.0886755842178243,0.082166177579231,0.07134934412940007,0.059828771614644956,0.05467678280266292,0.06494951321276943,0.07400873135877839,0.07308181271168651
NL11,0.010997205713571935,0.01516450888266701,0.03998465502716956,0.09950745807850725,0.14433932706985167,0.19370521750771555,0.18822452002612117,0.1485393143107342,0.08778450914102567,0.04185123251897749,0.019255235368069414,0.010646816355589088
NL12,0.013808831380692086,0.019703606639755653,0.05500122860831095,0.11144570120675643,0.1380684743311383,0.16642661021975522,0.16579725548804874,0.14284213652886216,0.0971314690756504,0.05198566576210781,0.024708953444056353,0.013080067314865895
EL64,0.0338906252946925,0.047235456502810864,0.08320480131475379,0.11972886237875058,0.13368197535071136,0.1407694524145555,0.12284129780988734,0.09981447605397327,0.07783758108306064,0.06193499182863591,0.04623262707582836,0.0328278528923399
EL65,0.04399095657107972,0.05847564062375867,0.0919211936005799,0.11852975838088353,0.12882030725436017,0.1253313346750995,0.10739242881309649,0.08851121453300456,0.0748424917810843,0.06783996666570616,0.05391380959618693,0.04043089750516006
ES11,0.031296509874061,0.04450287742362865,0.06824247810192825,0.10391284764799685,0.14306691998536458,0.14831340420593717,0.13504293511972798,0.10887255816344571,0.08687605053374461,0.0624331641498574,0.03916613273384083,0.028274122060466953
ES12,0.021233812553439778,0.029465193321045705,0.05663350797221971,0.09251070860358095,0.14898398074243796,0.16863594501812026,0.16010376177641814,0.12656468882832742,0.08847961022961705,0.056604334689243994,0.03037912290545755,0.02040533336009147
ES13,0.02462135654122369,0.034204963649582386,0.06495307342964082,0.09656512600282872,0.14372359793090672,0.15884187576142156,0.14984420540416352,0.11967540591012714,0.08770765816907729,0.059860556397676935,0.03526824848235025,0.024733932321001
ES21,0.03062270099482956,0.04286259899815222,0.07173773882322712,0.10028394630843389,0.14081087021781408,0.147861646225278,0.13582523862199264,0.11162494650845832,0.08379289253532178,0.06254314703773917,0.04151790871036431,0.030516365018388884
ES22,0.021892993357480194,0.032319874444856844,0.06740533449374785,0.11459502386955575,0.17438046664021603,0.160565676474729,0.13787598069957635,0.10899004261963575,0.07729729435705784,0.05227285205994906,0.030704068703364777,0.021700392279830547
ES23,0.020933811534130518,0.029609167349785824,0.06132561248310976,0.10581898579193517,0.17407413887013418,0.17756497235755023,0.15043170191854932,0.10698412411529702,0.07447405124607429,0.04906044673472834,0.02849531640212906,0.021227671196576287
ES24,0.02600957233311872,0.037146530334441145,0.07265387234133952,0.1191110593848779,0.16225471198588504,0.15152800794363666,0.1301197545545876,0.10087740626099115,0.07792277044278827,0.058674213596128295,0.03665840329031855,0.02704369753188715
ES30,0.03266081934183823,0.04681056141644993,0.08874643574094317,0.15442721447582985,0.1845712453279021,0.13606964620664386,0.10013456865916648,0.07486814090966154,0.0589477952308568,0.05277443404565566,0.03848595590119769,0.031503182743854705
IE05,0.021772588247419684,0.03370531401957709,0.06753145278673715,0.10934215317959156,0.14459012228922838,0.15670073737690765,0.1453162053213394,0.13060276163430484,0.09171135241165626,0.05046315933626459,0.02927994795414814,0.018984205442825235
IE06,0.018941697078615375,0.02908005081315969,0.06029772677368749,0.11185328227843132,0.1518949176137124,0.1641803420923226,0.1541439563142358,0.1325464087137378,0.08694719851921676,0.04780175781970487,0.026173821767470667,0.01613884021570522
IS00,0.006773280193247879,0.006867441034289678,0.00962757159653698,0.027528982261769475,0.08891417851266623,0.2421330411132047,0.29975202575192633,0.20326806590333385,0.07855258509369085,0.02229822232055882,0.007845684311685107,0.0064389219070901576
ITC3,0.011149045014474463,0.015713953395573386,0.03331968160783556,0.08360056471502549,0.1716199567688093,0.1916554861328693,0.17590523746229864,0.1363860953795022,0.09919321068131018,0.04967301644591251,0.02053981866029626,0.011243933736092733
FI19,,,0.00658726691993472,0.05344578714839577,0.14501054751818762,0.25492952189922524,0.2667800534191286,0.171333753674747,0.07375908853062103,0.022930156649458674,0.004518797755628462,0.0007050264846728947
FI1B,,,0.007447824576818747,0.05434649755750566,0.14289448241350264,0.26324774480967095,0.2620435142361174,0.16041180986647327,0.07453454544991907,0.02692541768037898,0.007518141443341796,0.0006300219662714935
FI1C,0.00010984350977654862,,0.007901630539073945,0.05572201707483018,0.1444488019293114,0.2526804443236864,0.26067386880590226,0.165595790218984,0.07796890097663008,0.027081973003555363,0.006442450400010959,0.001374279218238831
DEA1,0.011028090144411824,0.015366883618605184,0.04348250488851292,0.10771310752321128,0.15416028622869002,0.18806992571559725,0.17142351881297502,0.14416333620076807,0.0894430561660061,0.044520311197553675,0.020599287840822517,0.010029691662846141
DEA2,0.010464596075929805,0.014575597191808858,0.044377121307298824,0.10792844482952384,0.16313265707391258,0.19283568096625522,0.16669610270135815,0.13703122318133448,0.08817764028004853,0.04510628945546653,0.01986378842547289,0.009810858511590276
DEA3,0.008391190414172245,0.012288354142098806,0.04075206052397309,0.11521192466918077,0.1693451037646377,0.20141360328366353,0.16962088376691936,0.13676202107542096,0.08249922977772198,0.03893502368164045,0.017138246202258792,0.007642358698312291
DEA4,0.006702486838974223,0.009283549197369468,0.03790940628322328,0.11860384954264036,0.18914029360654566,0.21225244031189922,0.16184974175378733,0.12484480162873528,0.0793091378618281,0.0393204993861098,0.014604892686052392,0.00617890090283489
DEA5,0.0066748060402700045,0.010132848760129043,0.03880495754929037,0.10135822392982273,0.15973631344644884,0.19309655284655006,0.17739894384813903,0.14745831290087333,0.0935760523227159,0.04670728355746477,0.01815282364173614,0.006902881156559765
DEB1,0.0073049766970627065,0.010999854711203209,0.03998175126833902,0.10578414169706064,0.18073062678301655,0.20062092759102385,0.16940500055361768,0.13688353426259287,0.08536536203252408,0.04103866986461886,0.014849500355832414,0.007035654183108115
DEB2,0.006070026175766092,0.009984386120174694,0.040230629127839236,0.1012741713127727,0.1688433000641196,0.19634324086368332,0.17822265748897803,0.14565269557296012,0.09025102068204872,0.04244082199680258,0.014737031540399717,0.005950019054455179
DEB3,0.009879329959063349,0.014458622060884435,0.042080347240220174,0.0997675461833406,0.17292400004455685,0.19645263983614408,0.16963524809914088,0.1395831417303007,0.0863482685776103,0.04251531341369979,0.017419218739259335,0.008936324115779486
DEC0,0.009069804169712963,0.013673408074694306,0.043617495126894196,0.11021184555630466,0.1817317382905327,0.19075141168604892,0.16413128402610092,0.13526178060154848,0.08492926930231567,0.04154039914686398,0.016963988203435896,0.008117575815547298
DED2,0.007097771014340406,0.011169496515443534,0.042004369883180716,0.11458501052811021,0.1762156510245915,0.195616163500239,0.1628281265829689,0.13281905293234061,0.08809354721425154,0.04468088522506506,0.01796043833264678,0.006929487246821739
DED4,0.005440418149745723,0.009035085875928934,0.04019460602507457,0.10921071353880392,0.176086311034847,0.20348792807788146,0.16635285631620308,0.13105751330500212,0.09013703238789826,0.04617077507322729,0.0169081757901475,0.0059185844252401115
DED5,0.007351840849187212,0.012059520509368466,0.04743183637003723,0.1313165796274077,0.19271688658860028,0.2000348913604874,0.14461611442088051,0.11735430171603439,0.07908396636806496,0.04293841860787396,0.017445507300989455,0.007650136281068421
DEE0,0.007205766406130639,0.011598598117700906,0.04150945907302655,0.12223509942847395,0.18919931728823075,0.21335707202097998,0.15514882071129554,0.12077705945159756,0.07772402526663978,0.03893273253245666,0.01569830331533198,0.006613746388135707
DEF0,0.006598735573560658,0.009913303595953098,0.03492068877569108,0.10811856995851149,0.1708039294339328,0.2222584941640431,0.1733663910901734,0.13175591912908663,0.08016504905840285,0.04013247629002406,0.015522225911244743,0.006444217019376063
DEG0,0.004830267857665093,0.00789809194240217,0.03581445416507508,0.11260933469072607,0.1941075901693317,0.2209636299416974,0.16618745127685886,0.12405419325928292,0.07801078896944531,0.0369081073266506,0.013384808222507878,0.005231282178356896
DK01,0.005871513415685978,0.008090574522570665,0.026279556456890237,0.08834351831311363,0.19122110187762825,0.24415410982846003,0.1712588993895794,0.1228146700138459,0.07979100543612073,0.03984034777161315,0.01594452405584072,0.006390178918651343
DK02,0.00502660901102402,0.006931777451259554,0.02285206987592328,0.08726748404998752,0.20167780089023032,0.271221478281774,0.1751294156420221,0.10746413454643812,0.06980104354029276,0.03482800035846605,0.012381137881635713,0.005419048470946553
DK03,0.005878420186921128,0.008047544839383983,0.02729408259815723,0.08589341999202711,0.17882171780367587,0.24537116016153723,0.18626827568678736,0.1286227680211139,0.07797679853481067,0.036094902924281594,0.013840900265603072,0.005890008985700849
DK04,0.0056514342437961095,0.007338595024618661,0.027256035785044444,0.08768060092601444,0.1847913705061312,0.25365356009190443,0.1854515047684025,0.12163351655879533,0.07296095858496698,0.03442130966783145,0.013715693548703174,0.0054454202937912815
ES41,0.023999359532857534,0.03434086461059865,0.07094764405081326,0.13758177066693753,0.20115641645951796,0.1651876687746727,0.12014266439445315,0.0857239176381488,0.061948441839731395,0.045688581202629426,0.030262696532995355,0.023019974296644274
ES42,0.03512194685792038,0.04923372896737156,0.08778339820977872,0.14339150510458945,0.17556938542457165,0.13601640600131504,0.10325231411157096,0.07679691298926063,0.0623382890933152,0.05527135939835824,0.04098408023999963,0.034240673601948525
HU23,0.004065586905396821,0.005827305669141149,0.02845607068574712,0.09756979423026606,0.17695149627106715,0.2269564751415012,0.20184340647088236,0.14582778114059902,0.0683414110454558,0.02940756346140848,0.011152304124696661,0.003600804853838214
HU31,0.0013403524880683689,0.0027229701626720745,0.021072035781392585,0.09594404776787621,0.19890827713969267,0.22474295005919398,0.1998418082588971,0.15231932689080477,0.06888970747518937,0.025335112692154597,0.007637922755839422,0.0012454885282188433
HU32,0.0031936815120304825,0.0046495780296525666,0.028408491599253294,0.0996690115606116,0.18189539966110435,0.22252560488453244,0.21107726034885507,0.15148108825961232,0.06062286807205324,0.023883231483633197,0.009170597784744005,0.0034231868039174434
HU33,0.0068840792138589076,0.009013541182375408,0.0418686583162726,0.11693809804607537,0.1877212184474725,0.2115565151459581,0.19108009783577273,0.12549076473967669,0.05889766849209692,0.029805375667651814,0.014382211542711508,0.006361771370077443
IE04,0.02035130895682377,0.03080342110843074,0.05852681414008838,0.10332047433838489,0.14235779696718578,0.1622957429574712,0.15795381909363282,0.13918868532214557,0.0892219134372691,0.05071400279207665,0.02755364977263129,0.017712371113859794
EE00,0.001645897349733712,0.0012359892811515537,0.0064045697825965385,0.046118777915933266,0.16780879121708142,0.2629638757917719,0.24850135171435442,0.1674313346249273,0.07292843201638545,0.018357726431736575,0.005635698830925008,0.0009675550434028748
EL30,0.044507495876749535,0.065692063737077,0.10091781396791245,0.12773743824441014,0.1266446674247647,0.12509256412371456,0.0982706874545636,0.08014236661385994,0.06995059290714674,0.06366613483171338,0.05427247803300827,0.0431056967850797
EL41,0.05042052922672238,0.0682621129797766,0.09861025142137018,0.11743308242626214,0.12214684230192885,0.12180054472965436,0.10042389718862604,0.08328425379204306,0.0682319097046134,0.06596237876297592,0.05698708980836737,0.046437107657659675
EL43,0.06615301981986589,0.0854656314477866,0.11441724975331731,0.12442028793718114,0.11882359334948446,0.10886481277138174,0.08667767702281397,0.06913142068680045,0.05526783628518469,0.055320151527981344,0.05871607071701782,0.05674224868118459
EL51,0.014428179244600945,0.020559745196486578,0.0453118303438372,0.1048543639650229,0.1693144400842845,0.19138245153983025,0.16976923924941628,0.12588867946438242,0.07542532218671645,0.043376878197678666,0.025794851025940143,0.013894019501803651
EL52,0.019684038188897204,0.028775767722528264,0.06492155393412995,0.12245524045307389,0.16036858128556725,0.16744565734577324,0.14540628903796116,0.11754122778814104,0.07654127960450283,0.04966819565583344,0.029026083511974214,0.01816608547161753
FI20,0.0052950766643167935,0.002780073592199912,0.016174305995078627,0.06541761284477833,0.14507974083899852,0.20625285447260605,0.20622686891566064,0.16762254728659914,0.10623924381874306,0.051423951309924304,0.019834277086364472,0.007653447174730189
FR10,0.013498813852573911,0.0200795254823674,0.06003928384324134,0.13051703847819102,0.20171495810017204,0.1871770680049139,0.1428936209599667,0.10610596615214356,0.06691763791478327,0.038042900365596814,0.01954571491721809,0.013467471928832032
FRB0,0.014886871018344995,0.02399300392488496,0.06935437462636322,0.1386194150895618,0.1948995860255633,0.16969099062891038,0.135844074450129,0.1045131106523808,0.06938345315408344,0.041623025313185104,0.022407108900807902,0.014784986215785119
FRC1,0.012568064486426191,0.022213336061727516,0.06227123827837377,0.12348586725140916,0.1749222366238642,0.1730045417989533,0.146147443903768,0.11971892633835944,0.08301459610618568,0.047444529870512564,0.022409311925610752,0.012799907354809445
FRC2,0.008387932005836748,0.013814055814169694,0.04667558839652487,0.10718516179668554,0.1634719032953752,0.18011198881211504,0.1691023582229994,0.1399214892520289,0.09446001765585146,0.04931930447042791,0.0191654440002239,0.008384756277761338
FRD1,0.017899621461386076,0.028487481814686196,0.06956846261010576,0.12068418320084924,0.1587799149744673,0.1607640192228655,0.14728837314410356,0.1180769405613657,0.08591213865700283,0.04881445508132077,0.026943473119709214,0.01678093615213785
FRD2,0.015209611306847653,0.02258061785020431,0.06306195111324571,0.12193103208865433,0.17446196139816264,0.1787209185459937,0.15081607378251288,0.11262745793361292,0.07710715948726453,0.04530327662026724,0.023579466404208545,0.014600473469025557
FRE1,0.014065127941021459,0.019599408022977483,0.05357244904388055,0.1159193076924472,0.16400757822358147,0.18829074427178571,0.1638068416715364,0.12196536100178486,0.07838718713851729,0.043853620436261995,0.022791938106072513,0.013740436450133082
FRE2,0.012993920755326311,0.018503700591720407,0.05409949769444061,0.1206541111445615,0.18835498787918073,0.1972702694788132,0.15370721494029937,0.11016414787029889,0.07072632275419785,0.04013766947294057,0.020681865134511118,0.012706292283709439
FRF1,0.008553456888765876,0.012426986064239653,0.03730193066102187,0.09130539116913078,0.15221773716292863,0.19456659466794715,0.1924745616517406,0.15503281265244284,0.09209946126790228,0.039963243825187095,0.016081905042539656,0.007975918946153564
NL13,0.010302918903326843,0.015211609129708814,0.04075706237587301,0.09598328498809645,0.1368903208658598,0.18943132025595913,0.1919475109475438,0.15858513561132914,0.09082205570659463,0.04203573205390037,0.018567812657964814,0.00946523650384317
NL21,0.010347727098585854,0.015430252120830582,0.04794320949943648,0.10699663099254036,0.13727254443022327,0.17920192596224024,0.18291552799576224,0.1557530916930563,0.09124413200762943,0.04391592305375626,0.019673645002650172,0.009305390143288827
NL22,0.011556335177490785,0.01598881049009346,0.04457372715541931,0.1030214144165184,0.14000299507764946,0.18384672762093385,0.18025159201761792,0.1535145371319909,0.09116240622816571,0.045341097134293046,0.020225896088136606,0.010514461461690565
NL23,0.010785390659123284,0.014737512351515035,0.04150023587080966,0.09727724091549601,0.12915986637911375,0.18892955758349927,0.1886246117517805,0.1558973242299509,0.09353153565377081,0.04876916069597423,0.02046270454857003,0.010324859360396507
NL31,0.012052041824947993,0.01643141861096415,0.043585034124748304,0.102475511933147,0.1416568952244977,0.1803818266942066,0.17976898495908428,0.15202894150571872,0.09174468458870703,0.04722418680460194,0.0213296616257187,0.011320812103657612
NL32,0.01372878177939419,0.018550700819773523,0.049428816200018925,0.10862875935646613,0.1393559295932982,0.1728731598771743,0.16855187148816705,0.1446234188664389,0.09561311291911694,0.05094751651392544,0.024573502818006767,0.0131244297682196
ITG2,0.04267868330777229,0.06619898082785575,0.10960104424822224,0.14924804810628106,0.15138100140697153,0.11374753065707312,0.08751739083584092,0.07002508297074676,0.061099011489760546,0.05677529367589124,0.050077261593891684,0.04165067087969285
ITH1,0.005341710163582321,0.006112178253764514,0.025229953495948063,0.06713505360281327,0.1427549164710369,0.19890885208869485,0.211797358870289,0.17042994356222932,0.10834710731966939,0.04744977616232708,0.012343144785932651,0.004150005223712625
ITH2,0.0029121275834998947,0.003873023669993607,0.02051269795034303,0.057671866280047376,0.14191911642790608,0.20826161507339677,0.2215788067935497,0.17654731756632677,0.10716679572895416,0.04511049962937449,0.010701257513228616,0.0037448757833795257
FRI3,0.01898790564540909,0.030239916000213737,0.07608531264603564,0.13547244896373536,0.17459800570982198,0.15929287882650917,0.14041042692661668,0.10518657700388437,0.07189234513940163,0.04368817907631506,0.026075256954309317,0.01807074710774799
FRJ1,0.02045797705024323,0.029679697092287263,0.05757636588613813,0.10551542398302309,0.15553403876905286,0.16929789980859677,0.14884634430424604,0.11771825873927078,0.08680599240943744,0.05657084102241981,0.03182290374218634,0.020174257193098243
